[g2.jpg]
filters=crop64=1,2b602757f222dfcf;finetune2=1,0.000000,0.007843,0.003922,00000000,0.000000;unsharp2=1,0.600000;HDR=1,10.044444,1.385965,73.684212;sat=1,0.228070;
crop=rect64(2b602757f222dfcf)
moddate=1cc68f9bcf2fd201
width=1145
height=859
textactive=0
[g3.jpg]
filters=glow2=1,0.409357,3.000000;HDR=1,40.419884,1.631579,0.000000;
moddate=1b4efcd9cf2fd201
width=1543
height=859
textactive=0
[g4.jpg]
filters=Lomo=1,77.192978,0.000000;
moddate=afe81f20d02fd201
width=1145
height=859
textactive=0
[g5.jpg]
filters=CrossProcess=1,9.356726;
moddate=38c0a877d02fd201
width=1150
height=859
textactive=0
